16 -27 0 r
16 -27 1 y
16 -27 2 g
16 -27 3 r
16 -27 4 y
16 -27 5 r
16 -27 6 r
16 -27 7 g
16 -27 8 g
16 -27 9 d
17 -25 0 r
17 -25 1 g
17 -25 2 y
17 -25 3 y
17 -25 4 g
17 -25 5 y
17 -25 6 g
17 -25 7 y
17 -25 8 r
17 -25 9 b
17 -25 10 g
17 -25 11 r
17 -25 12 r
26 0 0 g
26 0 1 b
26 0 2 r
26 0 3 g
26 0 4 g
26 0 5 y
26 0 6 b
26 0 7 r
26 0 8 g
26 0 9 y
26 0 10 y
26 0 11 y
26 0 12 g
26 0 13 g
15 -11 0 y
15 -11 1 y
15 -11 2 y
4 46 0 y
-23 -34 0 b
36 -29 0 g
36 -29 1 g
44 -48 0 g
44 -48 1 b
44 -48 2 y
44 -48 3 r
44 -48 4 b
44 -48 5 r
44 -48 6 b
-37 40 0 r
-37 40 1 r
-37 40 2 r
-37 40 3 b
-37 40 4 y
-37 40 5 g
-37 40 6 r
-37 40 7 y
-37 40 8 r
-37 40 9 r
-37 40 10 g
-37 40 11 g
-37 40 12 y
-1 -28 0 y
-1 -28 1 r
-1 -28 2 g
-1 -28 3 b
-1 -28 4 r
-1 -28 5 g
-10 42 0 r
-10 42 1 b
-10 42 2 b
-10 42 3 y
-10 42 4 g
-10 42 5 b
-10 42 6 y
-10 42 7 r
-10 42 8 y
-10 42 9 b
-10 42 10 r
-10 42 11 r
-10 42 12 y
14 23 0 g
50 -12 0 g
50 -12 1 r
50 -12 2 r
50 -12 3 y
50 -12 4 y
50 -12 5 y
50 -12 6 r
50 -12 7 y
-19 -32 0 y
-19 -32 1 g
-19 -32 2 g
-19 -32 3 g
-19 -32 4 g
-19 -32 5 g
-19 -32 6 g
-19 -32 7 b
24 20 0 y
